0   1   11.006410
2   3   11.029994
3   4   2.297085
5   6   5.668829
6   7   49.025177
7   8   1.483895
9   10   8.754199
10   11   9.685644
11   12   48.254007
12   13   7.744026
14   15   0.948234
16   17   2.253275
17   18   10.113776
19   20   10.285085
20   21   1.066356
21   22   0.602095
23   24   8.914536
24   25   10.165904
26   27   2.914571
28   29   27.383334
30   31   21.966714
31   32   3.256964
32   33   1.419797
34   35   11.165903
36   37   8.228499
38   39   9.977943
40   41   5.162684
42   43   9.668899
44   45   5.897820
46   47   15.901130
48   49   12.846290
50   51   6.676342
52   53   7.261741
54   55   9.257120
56   57   22.717100
58   59   7.518817
60   61   13.963658
62   63   9.169756
64   65   7.490953
65   66   5.327852
67   68   1.114239
69   70   0.773047
71   72   9.749005
72   73   3.611342
74   71   3.098643
71   75   15.432221
76   77   11.269222
78   79   13.068055
80   81   3.648277
82   83   3.547163
84   85   8.367517
86   87   2.532942
88   89   1.714206
90   91   1.885627
92   93   2.314190
94   95   1.971337
96   97   2.571322
98   99   1.971337
100   101   3.514140
102   103   4.403466
104   105   8.348277
106   107   6.136939
108   109   9.482416
110   111   6.377433
112   113   3.117089
114   115   13.915244
115   116   12.579096
116   117   27.306983
118   119   18.983409
119   120   15.481623
121   122   2.754226
122   123   9.019671
124   125   11.407395
125   126   14.160581
126   127   8.505061
127   128   5.622446
128   129   5.187056
129   130   13.188794
130   131   11.229500
131   132   12.267297
132   133   8.690868
134   135   23.545754
135   136   5.848366
136   137   11.374280
137   124   14.693261
126   138   10.921573
138   139   64.363955
139   140   75.634597
140   141   2.533029
141   142   9.875318
142   143   12.021451
143   144   5.648721
144   145   18.595346
146   147   23.780143
147   126   22.797368
148   149   4.489525
149   150   3.887807
151   135   0.796395
140   152   32.155548
152   153   7.374793
153   154   42.607110
154   155   42.868977
155   156   27.687080
156   157   12.999439
157   158   12.331083
158   159   11.919775
159   160   39.182626
161   162   11.041884
162   163   9.168461
163   164   7.928068
165   166   12.883488
166   167   11.202085
167   168   10.923822
168   169   21.659913
169   170   41.347604
170   171   34.829366
171   172   15.800366
172   173   26.534901
174   175   9.414128
175   176   8.413295
176   177   28.469169
177   178   56.384867
178   179   73.045291
179   180   29.913689
180   181   27.611013
181   182   18.778780
182   183   33.101915
183   184   17.928341
185   186   25.395937
186   187   8.614743
187   188   71.537722
188   189   7.675972
189   190   10.462365
190   191   18.380511
192   193   22.080851
193   194   15.889830
194   195   39.903270
195   196   12.032610
196   197   24.773444
197   198   38.796082
198   199   14.418973
199   200   16.273336
200   201   18.739038
201   202   19.569540
202   203   20.195932
203   204   11.373100
192   205   72.483970
192   206   44.160959
206   207   74.308033
170   208   91.598690
208   209   55.355653
209   210   47.028660
211   212   18.520642
212   213   17.191396
213   214   11.211583
214   215   16.477002
215   207   11.188786
207   216   31.355027
216   217   16.421970
217   218   3.961155
219   220   21.819983
220   221   8.162913
221   222   7.278200
222   223   16.742003
223   224   25.931511
224   225   24.983995
225   226   52.669890
226   227   57.409438
227   228   23.141008
228   180   52.729686
229   230   62.315186
230   231   10.042036
231   232   21.091706
232   233   7.397179
233   234   26.329006
234   235   9.184139
235   236   13.770230
236   237   6.582896
237   238   18.250815
238   239   41.456025
239   240   10.135616
241   242   79.459530
242   243   0.346553
243   244   50.906751
244   245   7.697749
245   246   7.836437
246   247   29.482852
247   248   9.822784
249   250   36.354443
247   251   12.046233
251   252   14.612952
252   253   47.296737
253   254   23.313015
254   249   5.701834
255   256   50.079645
257   258   5.806790
258   259   14.976735
259   260   18.909627
260   201   35.709999
261   262   0.262043
263   264   49.333972
264   265   50.082147
265   266   56.612882
266   267   55.430967
267   268   22.604992
268   269   33.641223
269   270   11.520456
271   272   5.209138
272   273   38.830302
274   273   45.333871
273   275   36.208367
275   276   48.423860
276   274   41.713978
276   277   13.600403
278   279   14.629864
279   280   32.122154
281   282   7.215436
282   283   87.802802
284   285   80.713001
285   283   7.955984
286   287   12.454057
287   288   13.334999
288   289   12.730969
289   290   20.218364
290   291   12.748059
291   292   8.036582
292   293   8.329061
294   295   16.059353
295   296   3.951655
296   297   8.813603
297   298   5.317007
298   299   7.861927
299   286   11.911451
300   301   11.160080
301   302   34.586281
300   303   20.622718
303   304   36.306662
304   305   13.509158
305   306   14.359957
306   307   3.875003
307   308   18.020730
309   310   27.034475
310   311   8.019255
311   300   6.746704
312   313   8.399023
313   314   6.366409
314   315   8.939957
315   309   10.590382
309   316   64.020208
317   318   27.522238
318   319   1.743848
319   320   1.432212
321   322   17.022112
322   240   14.297087
323   191   46.544590
191   324   7.127779
324   325   16.110181
325   326   21.164997
326   327   17.602861
327   328   11.209781
328   329   13.554809
329   330   14.826028
330   117   12.518840
117   250   9.077590
250   331   13.760577
332   333   21.813801
333   334   18.748395
334   335   32.637293
335   336   31.822788
336   192   33.157303
337   335   93.550776
338   339   42.437635
339   340   101.368511
340   341   21.894113
341   342   31.026880
343   344   9.978838
344   345   12.928848
345   346   18.383026
346   347   31.572448
348   349   5.047173
349   350   12.140975
350   351   12.642442
351   352   10.063355
352   353   7.172691
353   354   8.320174
354   355   6.694326
355   356   6.884680
356   357   8.053730
357   358   21.874183
358   359   10.277376
359   360   7.033109
360   361   8.014333
361   362   8.355313
362   363   4.736686
363   364   3.601489
365   366   4.109445
366   367   10.177296
367   368   4.376319
368   369   4.619909
369   370   7.069766
370   371   7.886046
371   372   8.233287
372   373   5.634796
373   374   3.990854
374   375   4.294189
375   376   4.496725
376   377   5.798576
377   378   9.458466
378   379   7.975760
379   380   8.584196
380   381   5.723657
381   382   2.514730
382   383   4.376222
383   384   5.021790
384   385   5.871613
385   363   7.701330
386   387   8.107004
387   49   15.152823
49   348   13.083601
348   388   43.984890
388   365   8.107001
365   389   46.121979
389   390   31.768027
390   391   16.383602
391   392   8.920988
392   343   7.359336
343   393   4.708258
393   394   16.131457
394   395   14.309683
396   397   4.559878
397   398   23.404504
399   400   11.873140
401   402   13.383949
364   403   10.870048
403   404   1.365461
404   405   6.206581
405   406   7.069873
406   407   6.814071
407   408   8.300032
39   409   8.923072
409   410   10.600192
410   411   12.456299
412   413   15.405321
413   414   19.388975
414   415   19.271876
415   416   18.757979
416   417   19.925407
417   418   17.508100
418   419   17.830169
419   420   16.388843
420   421   16.571177
421   422   16.113672
422   423   16.217699
423   424   30.064498
413   425   7.919270
425   426   7.293799
414   427   39.643090
416   428   32.564581
417   429   32.725464
418   430   30.826027
430   431   7.693005
420   432   31.856054
419   433   32.015452
422   434   29.005329
421   435   30.314326
415   436   30.395938
437   438   24.757126
438   439   25.902055
439   169   43.593086
439   440   27.941529
395   441   5.661112
441   442   31.820435
442   443   20.914754
444   445   22.033801
445   446   18.060656
446   447   10.286280
447   448   17.922779
448   449   9.153943
449   450   18.133869
450   451   20.529308
451   452   30.551926
452   453   39.227864
453   248   36.110051
454   455   12.789017
199   456   88.998317
457   458   35.861370
458   340   34.380620
459   460   63.869259
460   461   39.776966
460   462   23.567019
462   463   4.187503
463   464   3.754709
464   465   3.098176
465   466   4.364369
466   467   23.833591
467   468   7.198799
468   469   7.610658
469   470   6.955557
470   471   5.083674
471   472   7.741513
472   473   4.290337
473   459   12.578067
459   340   33.689321
474   475   12.280129
475   85   19.089946
85   476   18.126276
476   55   43.811956
55   477   8.002224
477   57   27.486595
57   287   9.237334
478   479   28.478527
479   480   26.036165
480   481   27.316013
481   77   4.055885
77   482   22.882843
483   478   23.915254
478   484   81.759951
484   485   18.787305
486   487   14.389072
487   483   15.645735
483   488   14.154541
488   35   9.074291
35   489   6.541787
489   490   14.643514
490   491   18.947144
491   51   6.796135
51   492   17.014651
492   408   12.344585
408   493   7.573246
493   39   7.202611
39   494   6.887637
494   495   18.295626
495   496   20.255678
496   497   14.876251
497   498   11.442156
498   474   8.263540
482   499   82.068927
499   75   3.414472
75   500   17.799532
500   501   10.872653
501   502   7.381574
502   503   19.234626
503   451   21.571146
248   504   25.735515
504   505   38.258186
505   506   31.701161
484   507   26.709649
507   508   24.538946
508   509   2.245241
509   510   3.893750
510   511   24.035396
511   73   1.412897
73   499   25.151568
512   513   1.994867
513   514   4.482656
515   257   22.788798
257   516   22.008840
516   517   21.921618
262   518   13.061041
518   514   21.406068
514   519   7.830574
519   520   8.565047
520   521   8.685419
521   517   17.927885
517   219   29.780721
219   204   20.178505
204   522   21.426430
522   523   11.745624
523   255   15.820662
423   524   21.621821
130   147   23.065689
147   137   23.740918
137   525   66.224910
526   527   26.165167
527   528   59.625956
528   130   47.476118
231   529   24.623047
529   530   14.484498
530   531   13.993650
531   532   12.336160
532   533   42.436428
533   534   12.756735
534   535   12.597756
535   536   21.247237
536   537   15.250887
537   538   12.055526
538   539   14.821685
539   540   32.499859
540   541   11.381783
541   542   7.322179
531   543   9.535125
543   544   17.209176
544   545   15.223837
545   546   1.381844
546   547   3.155316
544   548   30.967366
548   549   6.393868
549   550   2.699490
548   551   26.071375
552   551   16.869028
551   553   6.923238
553   554   6.561434
554   555   6.559817
555   556   3.975524
556   557   12.742972
557   558   8.155694
533   559   18.165833
559   560   6.221985
560   561   5.155359
561   562   3.718770
562   563   3.574767
563   564   5.310580
564   565   4.917245
565   566   9.796175
566   567   6.435103
568   569   65.251867
539   570   22.970021
570   571   21.751493
571   572   8.012936
572   573   6.332436
573   574   4.001151
574   575   4.606941
575   576   4.641426
576   577   5.173216
577   578   12.840294
578   579   9.199099
570   580   23.552301
580   581   5.565505
581   582   2.606059
582   583   1.961610
583   584   2.696073
580   585   13.825535
578   586   13.271695
571   587   2.778743
587   588   4.040440
588   589   64.936358
589   590   3.620379
590   591   2.747170
591   592   2.533126
592   593   6.372371
593   594   9.332849
594   595   32.173094
595   596   8.552366
589   597   17.547164
598   599   25.119421
599   600   23.142213
600   601   12.467720
601   602   17.230505
602   603   13.988011
603   604   5.832371
604   605   3.962795
605   606   6.029461
606   607   11.023084
607   608   8.252578
608   609   7.543516
609   610   6.414194
610   611   6.042268
600   612   3.774553
612   613   2.348791
613   614   3.086181
614   615   1.394605
615   616   2.369961
601   617   45.158162
607   618   2.924867
618   619   2.088884
619   620   2.126019
603   621   10.620378
621   622   23.492814
622   623   11.379699
611   624   17.258241
624   625   5.814795
625   617   37.549327
617   626   43.192783
537   627   6.958110
627   628   7.040541
628   629   12.275897
629   630   6.319385
630   631   5.368801
632   633   10.489144
633   631   37.625764
631   634   29.781011
634   635   24.759911
636   635   6.999435
635   637   10.830633
638   639   8.003600
639   640   10.206613
640   641   9.696640
641   642   8.361826
642   643   21.451625
643   644   10.805978
641   645   23.816241
645   646   1.459098
646   647   17.675352
647   648   9.815731
648   649   8.358984
649   650   9.160454
650   651   7.862017
651   652   16.907149
652   653   3.415069
653   654   14.095203
654   655   2.056669
655   656   15.629199
656   657   26.408578
532   658   13.819574
658   659   9.689373
659   660   21.809471
660   661   7.567428
661   662   11.708506
662   663   3.718458
663   664   19.212222
664   646   21.325543
665   666   24.861507
666   656   3.499759
654   667   28.733541
652   668   3.150626
668   669   24.430570
651   670   28.827898
649   671   3.031793
647   672   30.916364
645   673   2.650478
671   674   25.413320
673   675   26.433997
664   676   27.614083
663   677   32.517623
660   678   38.361647
659   679   56.177792
648   680   55.936665
650   681   4.641298
681   682   47.167625
682   683   4.272423
684   685   15.159030
680   683   16.786299
683   684   5.195149
686   687   108.857849
687   688   4.415777
688   679   5.203441
679   689   5.370229
689   633   11.531933
611   690   35.901988
690   634   3.085182
655   691   8.156891
691   692   8.324359
692   693   6.903956
693   694   7.615593
694   695   22.141571
695   696   4.808680
696   697   8.237265
697   698   6.423652
698   699   2.611515
699   700   4.297762
700   701   6.282911
701   702   9.458398
702   703   11.398120
703   704   12.559788
704   705   6.879630
705   706   7.573226
706   707   10.405114
707   708   6.049696
708   709   5.699972
709   710   7.105613
710   711   3.857582
711   712   5.275873
712   713   10.090152
713   693   10.437460
704   694   39.202557
695   714   6.571875
714   715   5.885893
698   716   7.834467
700   717   1.780971
717   718   7.097584
718   719   13.959160
719   720   7.864731
720   721   5.477159
721   722   7.351652
722   723   23.719218
723   724   30.522035
724   685   6.544161
685   725   30.464569
725   726   15.526092
726   727   10.972902
727   692   5.045062
726   713   7.761085
725   728   8.921330
728   729   4.597899
729   730   6.242045
730   653   8.842378
730   727   17.234837
723   704   1.381791
720   717   12.996116
721   701   9.994688
722   702   6.247366
274   731   8.975401
732   733   46.992571
734   735   33.744496
735   302   5.308377
302   736   33.439417
736   737   21.942810
738   734   0.514216
739   740   38.673160
740   741   7.650947
741   742   0.743338
743   744   18.237431
744   739   6.673356
745   746   29.833836
746   424   21.434250
424   747   2.861296
747   748   3.203919
319   749   2.581153
749   750   3.783098
750   751   8.958498
751   752   1.872738
752   753   18.031588
753   754   11.506026
754   755   21.316428
755   756   22.270931
756   757   31.203026
757   758   18.740843
184   759   11.039228
759   760   8.238206
760   761   35.268425
761   762   8.393404
762   758   19.166423
758   763   10.384828
66   764   23.266206
764   765   4.539171
765   766   21.903170
766   767   12.391201
767   768   16.024146
768   769   18.970163
770   771   8.264833
772   773   27.584929
773   774   19.971052
774   775   3.493455
775   776   23.385335
776   772   19.806881
766   777   9.936513
777   778   17.313570
778   771   3.391175
771   27   27.384617
27   779   18.880005
779   70   33.256520
70   780   36.648541
780   781   6.474167
781   782   14.930864
782   783   15.292303
783   784   11.824530
784   785   4.808657
785   786   9.161634
786   248   15.624055
787   788   6.885713
788   789   8.887414
789   790   17.195103
790   780   9.397414
780   9   21.244251
788   791   22.979165
791   792   23.590272
792   776   3.493692
775   111   22.113591
111   102   4.371555
793   37   10.247107
37   794   24.843897
794   795   21.691665
795   796   6.386642
102   797   8.757859
797   81   11.228305
81   798   24.171205
798   799   4.458181
800   801   15.296580
801   802   2.749976
803   99   32.241581
99   804   16.550957
804   95   10.477211
95   91   28.445505
91   768   4.960966
768   89   22.928551
89   805   56.993593
806   807   10.334258
807   808   14.628609
808   809   11.748538
809   810   33.530730
811   812   9.003405
812   813   10.960799
813   814   16.582885
814   815   14.933655
816   815   12.476165
320   817   1.972082
817   818   7.218816
818   819   64.943047
820   817   32.226762
318   743   32.060016
821   822   2.695787
822   823   4.803971
765   824   5.470416
825   826   15.782592
826   827   6.367076
827   828   22.750976
828   829   11.557142
829   830   2.568236
830   831   15.249733
828   832   8.867428
832   833   6.632167
833   834   9.116338
834   835   7.226700
835   836   9.921256
836   837   6.939078
837   598   4.309891
598   838   6.687503
838   839   5.552848
839   840   4.555093
841   842   22.936128
286   843   36.137512
843   43   7.886284
43   810   11.528967
844   845   31.284933
846   847   4.114470
847   844   3.280389
848   849   6.896906
849   850   43.369938
798   851   7.856952
851   852   10.404413
852   808   21.143554
795   45   10.542753
45   807   29.485434
807   852   14.435228
853   854   10.009463
854   855   10.662402
855   856   5.641194
177   506   20.339594
857   858   52.926068
858   859   6.775782
859   860   3.458820
744   861   6.480311
861   862   45.323127
862   863   39.416563
864   865   9.360473
865   866   9.414306
866   867   19.929881
867   761   4.800806
863   868   13.605630
868   864   17.824886
864   760   30.466251
869   870   45.856781
870   871   1.113520
871   872   5.999844
872   873   5.769643
873   874   3.887660
874   875   3.393940
875   876   4.946028
876   877   3.128711
877   878   3.308698
878   879   7.990700
879   880   1.578637
880   881   2.469030
881   882   3.296183
882   883   4.802330
883   41   5.586049
41   800   1.720976
800   793   17.007753
793   884   4.164530
875   885   2.857344
885   886   3.203904
886   887   2.265005
887   888   2.405952
888   889   2.159762
889   890   2.180724
890   891   1.363995
891   892   1.704538
892   893   1.264875
893   894   0.922634
894   895   1.294615
895   896   1.563433
896   897   1.142632
897   898   0.909328
898   899   0.870464
899   900   0.829032
900   901   1.169564
901   902   1.276439
902   903   1.048975
903   904   0.916999
904   905   0.875553
905   906   1.155611
906   907   0.835119
907   908   0.631102
908   909   0.611332
909   910   0.871823
910   911   0.413889
911   912   1.099270
909   913   1.641059
913   914   1.631666
914   915   0.778019
915   916   1.582972
916   917   1.347933
917   918   1.072439
918   919   1.595065
919   920   0.870465
920   921   1.118844
921   870   1.717225
922   923   3.031411
923   924   4.378054
924   925   4.098841
925   926   5.449778
926   927   5.059496
927   928   3.764235
928   929   2.426401
929   930   2.966913
930   931   2.850600
931   28   3.659546
28   932   3.247053
932   869   4.665593
912   933   10.916335
933   934   10.536295
934   25   14.540987
25   935   5.982700
935   936   5.972906
936   937   7.407206
937   938   2.862289
938   939   7.328304
939   940   8.999855
940   929   9.715142
941   25   9.263629
942   943   19.290352
943   944   15.172123
944   945   3.901088
945   946   8.807348
946   947   2.230769
947   948   13.542372
948   949   5.112788
949   937   18.942131
937   942   7.798881
950   938   16.255407
951   943   9.363691
178   952   9.599271
952   953   9.342542
954   955   13.458410
955   178   14.321994
955   956   10.781239
803   779   25.718147
779   30   6.687081
30   957   30.089105
957   958   19.740166
957   19   25.713476
19   959   8.098328
804   778   26.555382
819   767   81.237480
960   961   39.225626
962   961   38.129450
961   963   34.225202
164   964   11.367761
964   965   12.518180
966   967   21.428074
967   968   16.647319
968   969   4.066559
969   970   8.239962
971   972   8.245426
972   973   2.260121
974   975   9.624601
975   976   30.061686
976   977   17.015199
977   978   6.884933
978   979   29.660836
979   980   5.645748
740   981   20.704746
967   982   13.013859
982   983   9.980591
984   280   31.406426
280   985   10.942900
985   731   10.712233
731   277   43.949885
277   284   26.104274
284   986   39.745258
986   987   19.288444
988   989   71.240421
989   990   13.293419
990   991   33.200276
990   992   49.707034
992   993   13.550572
992   994   5.152478
994   995   22.711777
995   996   22.845083
987   997   19.366810
997   998   10.039038
998   999   6.798932
999   1000   6.061030
1000   1001   6.766541
1001   1002   4.926303
1002   1003   10.502441
1003   1004   9.336368
1004   1005   9.785840
1005   1006   8.864213
1006   1007   8.851586
1007   1008   11.978688
1008   285   8.299938
1009   1010   4.698033
1010   1011   3.896829
1011   1012   3.815646
1012   1013   3.134923
1013   1014   3.930972
1014   1015   6.182915
1015   1016   15.250370
1016   282   22.963072
282   272   27.468678
272   1017   15.691444
1017   1018   21.304670
307   1019   52.246979
1019   1020   13.784492
1020   1021   0.653845
1021   1022   14.010156
996   1023   9.948138
1023   1024   33.284389
1024   1025   7.834842
1025   1026   13.312737
1027   1028   22.311989
1028   1029   32.427312
1029   1030   3.987298
479   1031   41.383467
480   1032   58.844001
1032   509   21.865172
481   511   80.452675
1033   507   15.392171
1031   1033   24.294344
1033   1034   8.886509
1034   1035   8.631753
1035   1036   4.714171
1036   1032   5.483145
1037   979   11.944932
1038   1039   17.174474
1039   978   5.975858
1040   1041   10.222508
1041   1042   2.967237
1042   1043   3.089709
1043   1038   6.216511
1038   1044   3.276169
1044   1045   3.683306
1045   1046   17.708669
1046   977   6.450489
1041   1047   7.363747
1047   1048   2.986480
1049   1050   10.567670
1050   971   6.713815
971   1051   8.318464
1052   1053   15.030509
1053   1054   1.946900
1054   1055   5.233688
1055   1044   20.128778
1053   1056   6.537655
1056   1057   6.184061
1057   1058   4.928222
1059   1060   14.312013
1061   1062   11.101825
1063   1062   9.361680
1062   1064   49.075166
1065   1066   12.867860
1066   1067   3.859920
1067   1068   21.838575
1068   1069   7.691908
1069   1070   6.622283
1070   1071   3.524815
1071   1072   11.230313
1066   1073   51.717264
545   1074   6.070649
1074   1075   9.733456
1075   1076   1.758860
1076   1077   1.577767
1077   1078   8.019530
1078   1079   6.042279
1079   1080   8.545076
1080   1081   9.946720
1081   1082   3.354966
1079   1083   8.909693
1083   1084   7.218525
1084   1085   2.884132
1085   1086   3.470375
1086   1087   1.540059
1087   1088   2.303319
1088   1089   1.540059
1089   1090   3.675513
1090   1091   4.782723
1091   1092   3.812060
1092   1093   3.263677
1093   1094   4.352760
1094   1095   13.085589
1095   1096   6.332771
1096   1082   4.033550
1082   1097   5.925288
1097   1098   2.498728
1098   1099   4.379034
1099   1100   6.172031
1100   1101   7.209339
1101   1102   7.308145
1102   1103   6.685540
547   1104   4.881412
1104   1105   22.126711
1105   1106   7.961943
1106   1107   7.879743
1107   1108   6.839964
529   548   23.051930
1109   1110   37.961531
1110   596   40.286839
596   1111   17.890612
1111   1112   14.208693
1112   1060   17.524119
233   1113   26.531703
1113   1114   15.829678
1115   1116   17.336239
1116   1117   13.400287
1116   1113   23.291848
1118   1119   13.852841
1120   1121   17.865703
1121   1122   12.989288
1122   1123   16.233426
1123   1124   11.210915
1125   1126   3.009686
1126   1127   12.495829
1127   1122   8.169048
1121   1128   6.577607
1129   1072   0.265297
1130   1131   10.843924
1131   1132   8.379714
1133   1132   4.254863
1132   1134   9.845731
1134   1070   11.430929
1135   1071   8.622353
1068   1136   6.898893
1137   1138   10.950270
1139   1140   5.008745
1140   1141   21.165870
1140   1142   21.727750
1142   1143   10.441322
1136   1143   10.716649
1143   1141   5.166587
1141   1137   32.883601
1144   1145   1.578049
1146   1147   7.072508
1148   1149   5.159224
1149   1150   15.781126
1150   1151   14.615453
1151   1152   14.491831
1152   1153   7.411064
1153   1154   0.602184
1150   1155   1.697919
1155   1156   5.720264
1156   1157   4.956354
1157   1158   4.130624
1158   1159   16.690448
1159   1160   24.256255
1161   1162   21.948715
1162   1163   9.803865
1163   1164   5.454362
1164   1165   17.790935
1165   1159   11.098299
1166   1167   18.837362
1167   1168   4.358417
1168   1164   18.219110
1158   1169   4.385052
1170   1171   153.248642
1171   1172   5.362401
1172   1173   9.191137
1173   1174   13.545163
837   1175   24.628599
1175   1176   13.846260
1177   1178   10.884525
1178   1179   7.564148
1179   1180   6.214601
1181   1182   10.724076
1182   1183   10.165888
1183   1184   17.449134
1179   1185   30.321051
1186   1185   23.877386
1185   1187   39.723138
1187   1188   10.771414
1188   1189   14.974138
1189   1190   10.556638
1190   1191   2.152044
1191   1192   5.011144
1192   1193   14.834558
1193   1194   10.426178
1194   1195   25.991407
1195   1196   13.713602
1196   1197   10.351947
1197   1198   4.259392
1198   1199   7.250559
1194   1200   16.638928
1201   1199   4.662199
1199   1202   11.360288
1202   1203   6.809870
1203   1198   10.698346
1203   1196   4.243643
1195   1204   11.780371
1204   1205   7.363597
1205   1206   5.889557
1206   1207   4.972600
1207   1208   7.919615
1208   1209   10.115094
1209   1210   30.253899
1204   1211   14.660027
1211   1212   7.221815
1212   1213   7.794562
1213   1214   5.821402
1214   1215   14.630866
1215   1216   26.316708
1216   1217   13.824549
1217   1218   21.076203
1218   1178   11.770045
1219   1220   4.083201
1220   1221   24.671840
1221   1222   2.015792
1222   1223   14.564261
1217   1224   9.191185
1215   1192   8.135708
1189   1225   12.604539
1226   1220   11.029662
1227   1228   2.745931
1228   1161   3.924573
1161   1229   11.683601
1229   1230   15.872004
1230   234   24.248190
1231   1163   14.688214
1232   1228   13.305184
1233   237   10.222305
236   1234   4.587345
1234   1235   6.772871
1235   1236   9.150640
1236   1237   6.671766
1237   1238   8.091568
1238   1239   7.552033
1239   1240   6.049735
1240   1241   1.834046
1241   1242   2.273876
1242   1243   6.486719
1243   1232   8.804272
1232   1244   5.821365
1244   1245   3.206350
1245   1246   2.435540
1246   1247   6.932398
1236   1248   13.823743
1248   1249   10.408679
1249   1230   2.812700
1250   1169   6.642771
1251   1250   37.574258
1245   1252   10.791702
1252   1253   2.453585
1253   1254   2.328269
1254   1255   2.878477
1255   1227   2.008868
1227   1256   3.591334
1256   1257   22.381772
1251   1162   26.193578
1258   1259   8.608877
1259   1260   11.155459
428   1261   8.961356
1262   1263   4.415161
1263   1264   5.201089
1265   1266   39.706485
1267   1268   31.044276
1269   1270   44.655656
1270   1271   31.638273
1271   1272   2.546846
1272   1273   35.181724
1273   1274   3.040015
1274   1275   12.492823
1276   1270   17.694410
1277   1271   15.100892
1278   1273   17.981380
485   1279   2.886281
1279   1280   29.890621
1279   1281   3.225165
1281   1282   21.592361
1282   1283   6.803390
1284   208   47.431178
171   1285   10.197371
1285   1286   19.037007
1286   1287   10.913053
1287   1288   17.568243
1288   0   11.410324
0   1289   10.501434
1289   1290   4.122100
1290   1291   5.959105
1291   1292   6.912162
1292   1293   57.816726
1293   1294   5.801170
1294   1295   7.976010
1295   1296   6.122540
1296   1297   29.168473
1297   1298   12.565398
1299   1   11.288555
1   1300   13.045012
965   1301   7.954832
1301   1302   3.377762
1302   1303   8.463485
1303   161   12.052575
1304   1305   6.987375
1305   1021   4.072272
1021   1306   31.327812
1307   1308   9.467809
1308   1309   4.143444
1309   970   7.841620
255   1310   5.620900
1310   1311   11.335523
1311   114   17.334856
114   185   33.890153
185   1312   12.839607
1312   1313   10.292579
1313   1314   23.225421
1314   1315   19.913813
1315   1316   12.749754
1316   1317   8.150329
1317   205   7.902554
205   1318   9.436281
1318   1319   7.550462
1319   1320   6.701369
1320   1321   10.430246
1321   1322   9.008441
1322   1323   13.629114
1323   1324   12.514369
1324   323   13.116971
256   1325   11.717160
1325   1326   14.954201
1326   1327   9.414696
1327   1328   10.747927
1328   174   6.588243
970   1329   3.119558
1329   1330   3.441977
1330   1331   37.806526
1331   281   4.317751
281   308   21.054514
1332   1333   2.626128
1333   1334   2.788890
1334   1335   4.011023
1335   1336   3.883831
1336   1337   4.208868
1337   1338   3.565815
1338   1339   3.199697
1339   1340   3.659275
1340   1341   4.774959
1341   1342   3.395504
1342   1332   3.361200
1343   1344   12.198354
1344   1345   11.039278
1345   1346   11.341690
1346   823   15.908563
823   1347   4.751023
1347   1348   3.309670
1348   1349   23.588160
1049   1350   25.803951
1351   1352   9.322368
1352   732   46.645261
732   1184   14.167298
1184   1353   24.432292
518   1354   65.240649
1354   222   24.948876
1355   1356   15.990883
1356   1357   13.666858
1357   1358   22.175504
1358   1359   5.694987
1359   1360   9.217021
1360   1361   8.734060
1361   1362   7.335071
1362   1363   11.165056
1363   1364   3.865269
1364   1365   8.784093
1365   1366   7.692185
1366   1367   5.891761
1367   1358   8.255769
1360   1354   15.363242
951   1368   33.408245
1368   1369   72.378804
1369   1370   38.023217
775   774   3.493455
774   1371   2.075196
1371   1372   10.124361
1372   1373   6.771131
1373   1370   8.426316
950   922   14.371713
922   853   24.745855
853   499   26.317886
184   1374   12.951222
1374   1332   41.406461
962   315   14.431902
179   1375   29.002364
1375   1376   7.555956
1376   1377   9.870209
1377   1378   26.017148
1377   1379   28.626669
1379   1380   33.051745
1380   61   28.719740
1376   1381   13.921375
1381   1382   64.076407
181   1383   13.229439
956   1384   14.304405
1384   1385   7.502418
1385   1386   6.131497
1386   1387   7.291459
1387   1388   48.511737
958   1389   31.491698
1389   1390   11.287044
1390   1391   3.258505
1391   1392   14.475761
1392   1393   24.650626
1393   1394   38.484235
1388   1389   1.114213
1325   1395   21.801786
1395   1396   20.486314
1396   1397   28.757353
1397   504   40.499129
174   1398   7.419016
1398   1399   4.983268
1399   1400   21.432509
1400   1401   5.044857
1401   1402   7.779205
1402   1403   13.511109
1403   1404   6.657013
1404   1405   6.993006
1405   1406   16.966951
1406   221   5.774041
787   1407   8.908573
1407   14   10.781239
14   947   3.138102
316   1408   21.465379
1408   1409   18.810110
316   1410   13.213136
1410   984   14.736758
1411   1412   32.735300
1412   1413   43.456212
1414   963   51.194379
963   1027   39.938320
1030   1415   8.490066
1415   1416   10.890052
1416   1417   11.465185
1417   1418   3.589108
498   1419   29.990443
1050   1420   9.150857
1420   1058   4.302354
1058   1052   6.480899
1052   1421   4.119784
1422   1423   27.062130
1424   1425   9.117533
1426   1427   14.339163
1427   1428   27.948051
1420   1429   10.106242
1429   1430   10.393331
240   1431   11.426878
1431   1432   19.290516
1432   1433   10.221132
1433   1434   12.832843
1434   1435   6.106283
1435   321   22.674526
1432   412   11.096845
412   291   30.409115
291   1436   34.124364
1436   1437   15.081223
1437   294   16.041960
294   842   93.206281
842   745   47.261071
240   1438   12.524709
1438   1435   4.609113
1350   1439   14.050033
1439   1440   9.631438
1441   486   7.841263
486   1442   14.278447
1442   1443   22.288997
1443   1444   31.765030
1444   1424   22.537023
1424   1445   19.728495
1445   1446   26.602191
1446   1447   6.023407
1447   1448   7.470357
1448   386   10.953268
386   1449   10.327837
1449   1450   14.843439
1450   1451   16.840182
1451   47   14.947316
47   1452   6.505677
1452   1428   17.594030
118   1453   22.397756
1453   1454   2.936278
1454   1455   4.291876
1455   1350   2.270967
1350   1456   12.150308
1456   1457   12.358674
1457   1458   8.141159
1458   1422   7.789026
1422   1459   11.036209
1030   1413   17.506459
1413   1460   13.366089
1460   1461   4.676456
1462   1463   23.398272
1463   1464   20.591301
1464   1465   19.468885
1465   857   4.920211
857   164   15.686259
1466   1467   23.493950
1467   1468   33.684558
1468   1469   26.629381
1469   1470   50.722986
1470   1471   33.324264
1471   263   45.861694
965   1472   39.189198
1472   1473   33.297256
1473   1474   8.715565
1474   184   15.498487
161   1475   15.208098
1302   163   12.403862
745   811   8.308467
811   317   45.297323
317   1476   8.634322
1476   743   28.848410
542   1477   11.640729
1477   1478   23.302819
1478   623   39.616079
623   1479   42.688204
1479   1480   49.631394
1480   1481   5.939630
1481   1482   10.861139
1482   1186   11.878604
1186   1483   34.127251
1060   1484   9.278315
1484   1064   78.261820
1064   1485   6.939220
1485   1065   2.433622
1065   1486   21.499440
1486   1139   16.806612
1139   1487   12.386239
1487   1138   6.538722
1138   1488   17.168084
1488   1144   10.844951
1144   1489   1.686100
1490   1491   14.622878
1491   118   14.864301
240   1492   20.629309
1492   1493   9.856287
1493   1494   13.396400
1494   427   18.982563
427   1262   17.713144
1262   1495   10.967170
1495   431   46.634095
431   1260   24.540305
1260   1496   48.989019
1496   121   13.660101
8   11   18.426885
1497   1374   35.278340
1498   1499   30.171885
1499   1500   25.876434
1500   1501   2.930500
1501   1502   2.670849
1502   1503   4.577546
1503   1504   4.669231
1504   1505   4.973236
1505   1506   4.630912
1506   1507   5.446856
1507   1508   6.260554
1508   1509   7.799187
1509   1498   36.083450
1510   1511   8.390568
1511   1512   3.831095
1512   1513   10.917983
1510   1514   6.373707
1514   1515   6.176677
1516   1517   18.724015
1517   1466   33.738135
1518   1519   9.244761
1519   1520   17.714402
1520   1521   20.264663
1521   1522   15.672957
1522   1523   9.122067
1523   1524   9.442918
1524   1525   13.300836
1525   1011   3.098175
1011   969   7.559080
1526   1527   2.900860
1527   1528   5.709434
1528   1529   36.194375
1529   1530   6.632721
1530   1531   6.932986
1531   1532   13.281414
1532   1533   10.967076
1534   1535   28.057247
1535   1536   25.800920
1536   1537   27.083341
1537   1538   13.668087
1538   1539   12.819746
1539   1540   9.082179
1540   1518   9.346559
1541   1534   13.583831
1518   1542   13.949905
1542   1543   12.958736
1543   1544   14.876399
969   1545   16.450621
1545   1546   5.098761
1546   1547   9.001128
1547   1548   15.310452
1548   742   14.110016
1306   1022   35.926544
1022   1307   4.384663
482   1549   8.776724
1550   260   26.928390
1551   259   23.186890
1552   1553   10.730293
1554   196   42.274561
1313   1555   27.324164
1555   197   17.186476
1556   1555   19.274185
1555   1557   19.916040
1314   1558   5.523559
1558   1559   11.091063
1559   1560   8.063119
1560   1315   8.142269
1561   1562   29.344208
1562   206   34.170891
1563   1553   9.822837
1553   1564   10.267243
1564   1565   4.281580
1565   1566   3.793855
1566   1567   3.848135
1567   1568   3.536035
1568   1569   8.948459
1569   1570   4.177167
1570   1571   5.877092
1571   1562   59.559919
336   213   103.075653
1352   1572   7.474920
1573   1574   16.309726
1574   1575   22.313882
1575   657   15.843852
1576   1577   16.186571
1577   1578   20.657138
1578   1579   23.230337
1580   334   46.465798
1581   258   24.652101
200   1550   50.870386
1582   516   28.414000
1583   217   8.554717
461   339   33.880087
339   1584   34.924466
1584   1585   35.510850
1586   341   38.854582
458   1584   97.419744
395   396   17.820131
1370   101   18.932945
101   850   24.804831
850   97   2.279267
97   93   28.649886
93   769   6.631060
769   845   12.664083
845   1587   8.129277
1587   68   15.235220
68   1588   36.948720
1588   1589   5.315219
797   1590   26.625460
1590   1591   10.719777
1591   1592   17.836726
1592   1593   21.875572
1593   1594   23.794396
851   1595   7.369925
1595   1592   13.568682
1596   1597   3.335028
1597   79   4.106813
79   113   7.639917
113   83   3.119108
83   1598   12.322292
1598   1599   6.441239
1599   794   9.027403
799   1596   17.486503
1590   1600   10.114038
803   1371   5.487565
1601   1549   4.259347
1549   1602   3.217942
1602   107   10.514797
107   105   23.531882
105   109   31.424832
109   1603   21.155190
1603   884   7.932902
884   1604   4.179604
1604   1419   13.106733
1419   1605   2.816181
1605   1606   2.859897
1606   87   41.665907
87   411   23.853894
411   1601   5.692110
1607   1608   16.441830
1608   128   142.151949
1609   1442   18.120211
148   1610   10.039097
248   1611   14.929401
1611   1612   13.213221
1612   1613   15.514829
1613   1614   11.616372
1614   1615   6.986390
1615   1616   5.540877
1616   1617   4.060061
1617   1618   3.514129
1618   1619   3.340560
1619   1620   2.573308
1620   1621   6.336101
1621   1622   2.314740
1622   1623   6.377433
1623   1624   1.714213
1624   1625   6.276204
1625   1626   2.743209
1626   1627   6.392931
1627   1628   23.656470
1628   922   10.091619
1613   945   9.517207
1629   1630   22.761752
1630   1631   10.394721
1631   1632   14.093636
1632   159   13.645272
763   1349   10.595440
1349   61   17.365260
61   66   15.236621
66   63   19.132183
63   958   28.905171
81   1591   26.940578
1633   1634   13.253353
1634   243   40.677852
249   1635   21.150265
447   1636   6.373302
1636   1637   27.680276
1637   1638   4.542656
1638   241   4.717177
9   1639   24.093135
1639   783   8.719963
783   1640   6.294624
1640   16   10.795201
16   1641   10.896927
1641   1642   9.319549
1642   787   7.324287
475   1643   13.963132
1643   2   14.079569
2   1644   1.481977
1644   1645   19.306653
1645   1646   20.132888
1646   1647   12.049047
1647   1648   10.482227
1648   1649   9.503655
1649   442   8.022412
1650   1651   13.331731
1651   1652   38.214849
1652   1653   23.137186
1653   1516   4.255753
1010   968   7.549356
1524   1654   12.902829
1654   1013   2.659632
1013   1329   9.512111
1655   1656   13.311456
1656   1657   12.017612
1657   1287   66.237352
1287   1293   86.041662
1293   1658   16.897232
1658   1659   51.729009
1660   1656   4.335348
1656   1295   32.396772
452   1661   7.670707
1661   1662   3.179961
1662   1663   25.290343
1663   1664   5.732042
1664   453   7.208332
1665   448   19.326132
508   1666   28.122039
1666   1667   24.517178
1667   1665   8.760674
1668   1669   7.490746
1669   1670   16.289568
1670   1671   13.139135
1671   123   9.329980
1668   1672   17.362989
1672   657   13.351279
657   1673   6.541551
1673   1674   7.131953
1674   715   13.412706
715   716   18.210924
716   1174   4.908085
1174   1675   11.957502
1675   686   16.754291
686   611   4.127270
611   1676   14.504651
1676   1677   25.023768
1677   1678   21.078398
1678   542   15.013234
1496   1679   7.503203
1679   1680   7.283753
1680   1681   2.445087
1682   1683   8.473897
1683   1659   8.019489
1659   1585   10.786514
1585   457   95.225736
457   1684   17.394339
1684   209   29.878865
209   1685   6.536921
1685   1686   13.805527
501   1687   45.607287
1687   1688   6.260819
1688   510   22.096322
500   1689   12.870088
1689   1690   9.923285
1690   1691   13.799556
1691   922   12.526237
1692   1693   13.072163
1693   1694   30.718548
1694   1695   30.078011
1695   1696   19.002478
297   1697   5.320373
1697   1698   4.907062
1698   288   6.911584
1436   1699   7.528487
1699   1700   10.933171
1700   290   12.673726
1331   1304   31.094726
1304   1307   19.954850
1330   1701   5.004471
1701   1702   3.392145
1702   1304   6.490805
1703   1704   19.965992
1704   1513   12.827762
1513   1705   19.010214
1705   1706   23.371850
1706   1707   27.137067
1707   1708   30.306794
1708   1709   28.523723
1709   1710   35.445484
1711   1712   1.169533
1712   1713   14.192813
1713   1714   24.188205
1714   1715   28.858652
1715   1650   27.841546
1716   1717   10.024193
1717   1718   4.851702
1703   1719   10.410401
1719   1720   7.194014
1720   1721   6.518953
1721   1510   9.261752
1695   1722   14.100520
1722   1723   12.526835
1723   1703   11.750827
1307   1724   35.204897
1724   742   15.711429
966   1725   25.607609
1725   1009   11.316242
1009   1726   5.612035
1726   1727   8.687735
1727   1728   9.973566
1728   1729   12.495045
1729   1730   12.983923
1730   1731   11.225661
1731   1732   15.343238
1732   1733   12.954814
1733   1734   5.907775
1734   1653   6.291254
1735   401   5.429731
1736   401   23.426642
343   1737   15.408128
1737   1738   6.505599
390   400   38.330318
426   1494   21.236481
173   1739   17.141422
1570   1740   5.998669
1741   1742   5.046637
1742   1743   3.291062
1743   396   14.246793
1741   1744   9.951461
1744   1745   2.178113
1745   1746   1.699780
1746   1747   9.534219
400   1736   8.450803
1736   1748   7.295554
1738   1735   4.404321
1735   1749   2.334572
1749   1750   3.030223
1750   1751   3.543574
1751   1752   2.946766
1752   1753   3.877843
1753   398   7.658442
123   1692   2.388892
1235   1754   3.356792
1754   1755   4.040209
1755   1756   2.809125
1756   1757   2.860052
1757   1758   1.578733
1758   1248   1.095015
1759   1355   4.625881
1355   262   2.552731
1681   1760   5.505578
1760   1761   12.547003
1761   1668   9.468084
122   1762   7.950391
1762   1681   7.932771
1763   1764   13.818023
1764   122   7.251171
976   1765   10.945151
1765   1766   6.380757
1766   1767   7.568099
1767   1768   1.981255
1478   1769   20.213495
1769   1770   34.269114
1770   1771   6.787309
1771   1772   18.676002
1772   1773   42.858570
1773   1774   8.299535
1772   1775   27.750309
1775   1776   12.985348
1776   1777   7.912826
1777   1778   21.304773
1775   1779   17.474031
1779   1780   13.105570
1779   1781   26.076965
1781   1782   22.938454
1782   1783   18.927239
1784   1785   37.405002
1785   569   11.461277
569   1786   19.837302
1786   1170   12.367947
1170   1787   10.540516
1787   1181   12.050170
1181   825   12.956945
825   1788   9.715690
1788   1789   12.974309
1789   1353   8.249465
1353   1176   7.394882
1176   1790   30.778674
1790   1481   16.064420
1781   1791   7.068953
1791   1792   6.837577
1792   1793   9.383383
1793   1794   8.022453
1069   1120   5.752375
1120   1795   4.150271
1795   1119   40.620762
1119   1146   8.493281
1146   1796   7.120658
843   59   25.526999
59   1797   3.261611
1797   1798   23.740758
1798   796   5.598220
426   1799   16.877411
1799   1492   11.168239
1800   1801   24.522373
1801   1210   10.173844
1210   1802   8.387087
1802   1803   4.809146
1803   1488   7.210401
810   1594   34.725427
1594   848   3.373657
848   846   42.396843
846   1804   9.857377
1804   1805   8.766251
810   841   110.146297
841   816   34.970604
816   1589   31.803695
1589   805   17.401076
805   819   16.030670
819   1343   33.946407
1806   1807   49.232524
1807   1808   15.376692
1412   1809   9.338026
1809   1806   29.136609
1806   989   23.155964
1810   1811   20.708342
1811   1812   71.157413
1812   988   52.805968
748   1813   8.962607
1813   1763   8.729908
1763   1814   6.643742
1814   1692   7.724038
1434   1815   3.674109
1815   1816   2.216157
1816   1431   5.931820
119   1817   3.392314
1817   1818   4.154018
1818   1491   3.312580
1819   1820   1.818677
1820   1821   5.238623
1821   1822   1.877367
1822   1823   3.577603
1823   1813   4.635247
1692   1824   7.922091
1824   1718   7.971323
1718   1821   3.762525
1821   1825   9.198738
1825   747   8.391164
331   1826   5.306517
1826   256   6.675139
323   1579   10.286217
1579   454   4.458034
454   1827   12.639899
1827   1828   8.345509
1828   1829   21.133141
1829   338   20.735793
338   1830   18.119797
1830   1831   12.711760
1831   1832   9.985796
1832   444   7.652923
444   1833   13.586478
1833   1283   9.602813
1283   1682   9.377700
1682   1834   3.086072
1834   1280   11.528971
1280   1298   41.171453
1298   1835   30.174417
1835   1836   29.146385
1836   1441   17.941386
1837   518   4.187031
1459   974   8.201607
974   53   35.933011
53   1838   3.227165
1838   1839   12.186764
1839   1275   5.233928
1275   1748   1.459111
1748   402   22.594500
402   1268   3.098775
1268   1840   33.924432
1840   1841   20.287615
1841   1747   8.879059
1747   321   4.582022
1718   1763   7.459546
1533   1842   16.563213
1842   1843   25.933012
1843   1844   21.907676
1844   1716   14.934902
1716   1819   9.768984
1819   1825   10.887154
1086   1845   15.053901
1846   1847   5.479651
1848   1849   10.857306
1849   1850   2.311008
1850   1851   6.520759
1851   1852   4.253644
1852   1853   2.135877
1853   1854   1.751173
1087   1855   2.072883
1855   1848   3.052833
1856   1857   1.742577
1083   1858   2.912790
1858   1859   4.200203
1859   1860   1.910152
1860   1861   3.465030
1861   1862   2.780635
1862   1863   1.404754
1859   1864   3.949050
1864   1865   7.283912
1865   1866   3.578386
1866   1075   2.506298
1867   1868   2.463906
1868   1869   3.407245
1869   1846   3.135506
1846   1870   1.371533
1870   1089   5.316865
1850   1871   1.470323
1871   1872   2.277655
1872   1873   3.743269
1873   1874   8.163396
1874   1875   6.282176
1875   1876   2.267050
1876   1877   3.773923
1877   1878   4.015602
1878   1879   3.508034
1880   1881   1.631848
1881   1882   1.543776
1882   1883   1.348070
1883   1884   1.972242
1884   1885   0.778106
1081   1886   1.623860
1886   1887   2.096756
1887   1888   5.573892
1889   1890   5.238893
1890   1867   3.873693
1867   1891   1.606079
1891   1892   5.280538
1892   1889   5.628405
1077   1856   7.501963
1856   1893   2.111630
1893   1894   5.655355
1894   1895   4.832945
1896   1897   2.105730
1897   1880   1.805579
1880   1845   1.369279
1845   1898   2.330234
1898   1899   2.293873
1899   1900   2.105730
1900   1901   1.185660
1901   1902   2.420516
1902   1903   2.999421
1903   1904   2.274823
1904   1863   2.145088
1863   1905   2.059601
1905   1906   2.088890
1906   1907   1.973967
1907   1908   1.571391
1908   1085   1.918060
1103   1909   2.977188
1909   1910   4.156883
1896   1911   2.664456
1911   1912   2.573177
1912   1913   2.940646
1913   1914   2.745257
1874   1915   2.241764
1915   1916   1.804387
1916   1917   6.246376
1917   1918   3.861957
1918   1919   5.130197
1919   1920   2.127539
1920   1921   5.348295
1921   1871   14.390441
1922   1923   5.423544
1923   230   3.617696
1924   1925   19.612421
1926   1927   20.612827
1889   1888   2.012721
1928   1929   4.541812
1929   1930   7.143166
1930   1931   4.287568
1931   1932   4.271808
1932   1933   4.448636
1933   1934   3.869750
1934   1935   3.516362
1935   1936   5.787248
1936   1937   5.015893
1937   1938   2.392108
1938   1939   5.460729
1939   1940   11.746363
1940   1941   10.157784
1941   1942   3.145138
1942   1922   3.897127
1922   1943   4.692924
1943   1944   1.628692
1944   1945   6.771939
1945   1946   21.173105
1946   1947   15.490272
1941   1166   9.658184
1166   1165   22.853535
1947   1948   3.220200
1948   1949   4.686413
1949   1950   4.179394
1950   1153   3.391318
1249   1951   6.235562
1951   1952   6.020458
1952   1953   4.253583
1953   1954   3.726422
1954   1955   5.012507
1955   1956   5.304252
1956   1234   6.758600
1938   232   4.275135
1957   1958   5.025227
1958   1959   2.443070
1959   1960   18.263718
1960   1928   2.315621
1928   1230   2.690034
1961   1962   11.432445
1274   1963   19.787516
1964   1965   5.398414
1965   1966   4.411384
1966   1967   3.679692
1967   1968   2.490383
1968   1969   1.856890
1969   1970   4.047286
1970   1971   2.279379
1971   1972   4.635965
1972   1973   4.957274
1974   1975   11.919327
1976   1977   4.271376
1977   1978   5.460364
1979   1980   11.963172
1959   1981   9.370626
1981   1982   2.912941
1983   1984   4.348222
1984   1985   4.321431
1985   1266   5.883809
1266   1840   11.495479
1272   1961   31.845989
1961   1986   8.527847
1986   1980   1.052862
1980   1987   7.543640
1987   1974   5.510501
1974   1988   1.507647
1988   1989   5.860930
1989   1990   4.661808
1990   1991   5.730362
1991   1992   4.243923
1992   1993   8.743608
1993   1994   4.103083
1994   1925   6.998096
1925   1927   8.712583
1927   1995   1.891414
1995   1996   13.983890
1996   1964   13.481765
1964   1997   9.808947
1997   1998   9.288892
1998   1978   11.667036
1981   1162   17.704999
549   1999   16.433144
2000   1098   26.510849
1092   2001   3.325211
2001   2002   9.702343
547   558   12.107853
558   2003   7.988193
2004   2005   9.908282
2005   2006   13.182110
2006   2007   41.421562
2007   2008   12.680595
2008   388   8.011954
2009   2010   4.476175
2010   2011   16.941605
2012   2013   4.173102
2013   2014   3.561006
2014   2015   3.350090
2015   2016   2.631106
2016   2017   2.056683
2017   2018   2.097996
2018   2019   31.603323
2019   2020   5.399952
2020   2009   23.339496
2009   2021   10.197566
2021   2022   46.025586
2022   1803   4.690717
1211   2017   35.848765
597   1484   9.060879
1201   2023   5.169642
2023   2024   5.276419
2024   2025   2.172077
2025   2026   1.732968
2026   2027   5.163307
2027   1801   13.659089
1223   1216   2.918194
2028   2029   8.806938
2029   1200   36.331152
1200   2030   17.294196
2030   1225   35.746766
1225   2031   5.802449
2031   2032   6.971929
1204   2033   5.056713
2033   2034   23.736277
2017   2035   5.244548
2035   2036   4.856044
2036   1221   4.164195
2037   2025   31.225546
1780   2038   7.194682
2038   2039   5.403155
2039   2040   6.276765
2040   2041   4.631286
2041   2042   3.405950
2042   2043   2.371906
2043   2044   2.748861
2044   2045   4.453810
2045   2046   5.057227
2046   2047   7.049316
2047   1774   3.880269
1774   2048   7.454434
2048   2049   10.669613
2049   1800   5.733273
1800   2037   19.918664
2037   2028   39.737867
2028   1770   13.811715
1485   2050   4.276106
1479   2051   11.157463
2051   2052   5.229486
2052   2053   5.828717
2053   2054   4.384749
2054   2055   3.340617
2055   2032   2.854129
2032   2056   5.250815
2056   2057   6.632252
2058   1774   7.680899
2021   2059   7.725286
2059   2060   1.884222
2060   2061   2.841362
2061   2062   11.911657
2062   2063   1.563544
2063   2064   7.167817
2064   2065   2.404344
2065   2066   9.028485
2066   2067   3.190348
2067   2061   8.644191
2050   2058   9.513570
2068   2069   15.995657
2068   2070   3.438199
2070   2071   2.731793
2071   2072   2.525610
2072   2073   1.899833
2073   2074   2.023509
2074   2075   3.031854
2075   1994   13.967753
1700   2076   2.748853
2076   2077   3.359021
2077   2078   4.595444
2078   2079   5.059866
2079   2080   6.862397
2080   2081   4.133652
2081   2082   5.461752
2082   2083   7.208993
1699   2084   10.232968
2084   2083   2.433923
2083   296   6.786313
2078   289   3.769093
1865   2085   2.979866
2086   2087   3.666347
2087   2088   2.378653
2088   1863   2.731432
1899   2089   2.050198
2089   2090   4.256159
1901   2091   2.355477
2091   2092   2.222862
2092   2093   1.631844
2093   2094   2.772798
2094   2086   1.703187
2086   2095   2.694869
1229   2096   19.059970
1428   2097   20.252878
2097   2098   10.904699
2098   118   14.488168
988   2099   12.778323
2099   2100   9.916507
2100   2101   8.505019
2101   1027   11.021627
1409   2102   18.187776
2102   984   6.238882
984   1027   16.833102
308   271   5.989129
271   278   7.526968
278   1409   8.856952
303   2103   11.283404
2103   2104   56.329229
2104   1475   6.371173
1610   1441   14.725883
150   2105   4.332499
2105   145   2.714825
145   2106   4.039915
2106   2107   4.523927
2107   2108   3.931274
2108   1609   4.605958
1609   2109   3.379249
2109   148   4.420683
173   1610   67.001150
2110   2111   4.947966
2111   2112   42.762346
2112   1608   48.041430
1608   2113   69.444322
2113   1739   15.652028
1739   2114   15.829114
2114   2115   23.578799
2115   150   16.244632
1475   1306   61.979003
2116   2117   13.220660
2117   130   19.588420
775   70   29.855466
1388   2118   37.626051
476   795   32.710119
